image: pa_track_2_laps.pgm
resolution: 0.050000
origin: [-8.385313, -11.576283, 0.000000]
negate: 0
occupied_thresh: 0.65
free_thresh: 0.196

