image: slow_pa_track.pgm
resolution: 0.050000
origin: [-4.075838, -12.988414, 0.000000]
negate: 0
occupied_thresh: 0.65
free_thresh: 0.196

